H.S      1.00794
.493002 10.5109 .322912 26.1257 .140191 3.14236 .04081 57.7997 .003038
0/
H        1.00794
.489918 20.6593 .262003 7.74039 .196767 49.5519 .049879 2.20159 .001305 -3.7390
12*0.0, 0.3326 80.26
H-       1.00794
.897661 53.1368 .565616 15.187 .415815 186.576 .116973 3.56709 .002389
0/
D        2.014
.489918 20.6593 .262003 7.74039 .196767 49.5519 .049879 2.20159 .001305 6.671
12*0.0, 0.000519 2.05
He       4.002602
.8734 9.1037 .6309 3.3568 .3112 22.9276 .178 .9821 .0064 3.26
12*0.0, 0.00747 0.00
Li       6.941
1.1282 3.9546 .7508 1.0524 .6175 85.3905 .4653 168.261 .0377 -1.90
.0023 .0008 .0015 .0006 .0013 .0005 .0008 .0003 -0.0003 .0001 -0.0004 .0 70.5 0.92
Li+      6.941
.6968 4.6237 .7888 1.9557 .3414 .6316 .1563 10.0953 .0167
.0023 .0008 .0015 .0006 .0013 .0005 .0008 .0003 -0.0003 .0001 -0.0004 .0
Be       9.012182
1.5919 43.6427 1.1278 1.8623 .5391 103.483 .7029 .542 .0385 7.79
.0083 .0033 .006 .0023 .0052 .0019 .0038 .0014 .0005 .0002 .0001 .0001 0.0076 0.0018
Be2+     9.012182
6.2603 .0027 .8849 .8313 .7993 2.2758 .1647 5.1146 -6.1092
.0083 .0033 .006 .0023 .0052 .0019 .0038 .0014 .0005 .0002 .0001 .0001
B        10.811
2.0545 23.2185 1.3326 1.021 1.0979 60.3498 .7068 .1403 -.1932 5.30
.019 .0094 .014 .0065 .0121 .0055 .009 .0039 .0013 .0007 .0004 .0004 767. 1.70
B11        11.000
2.0545 23.2185 1.3326 1.021 1.0979 60.3498 .7068 .1403 -.1932 6.65
.019 .0094 .014 .0065 .0121 .0055 .009 .0039 .0013 .0007 .0004 .0004 0.0055 0.22
C        12.011
2.31 20.8439 1.02 10.2075 1.5886 .5687 .865 51.6512 .2156 6.6460
.0364 .0213 .0273 .0148 .0237 .0125 .0818 .0091 .0033 .0016 .0015 .0009 0.00350 0.001
C.v      12.011
2.26069 22.6907 1.56165 .656665 1.05075 9.75618 .839259 55.5949 .286977
.0364 .0213 .0273 .0148 .0237 .0125 .0818 .0091 .0033 .0016 .0015 .0009
N        14.00674
12.2126 .0057 3.1322 9.8933 2.0125 28.9975 1.1663 .5826 -11.529 9.36
.0606 .0416 .0461 .0293 .0403 .0248 .0311 .018 .0061 .0033 .003 .0019 1.90 0.50
O        15.9994
3.0485 13.2771 2.2868 5.7011 1.5463 .3239 .867 32.9089 .2508 5.803
.0928 .0731 .0716 .0518 .063 .044 .0492 .0322 .0106 .006 .0056 .0036 0.00019 0.000
O-       15.9994
4.1916 12.8573 1.63969 4.17236 1.52673 47.0179 -20.307 -.01404 21.9412
.0928 .0731 .0716 .0518 .063 .044 .0492 .0322 .0106 .006 .0056 .0036
O2-      15.9994
14.021 6.7772 294.61 11.376 -0.077485 -0.845400 -300.2 11.079000 1.502600
.0928 .0731 .0716 .0518 .063 .044 .0492 .0322 .0106 .006 .0056 .0036
F        18.9984032
3.5392 10.2825 2.6412 4.2944 1.517 .2615 1.0243 26.1476 .2776 5.654
.1324 .1192 .1037 .0851 .092 .0725 .0727 .0534 .0171 .0103 .0096 .0061 0.0096 0.0008
F-       18.9984032
3.6322 5.27756 3.51057 14.7353 1.26064 .442258 .940706 47.3437 .653396
.1324 .1192 .1037 .0851 .092 .0725 .0727 .0534 .0171 .0103 .0096 .0061
Ne       20.1797
3.9553 8.4042 3.1125 3.4262 1.4546 .2306 1.1251 21.7184 .3515 4.566
.1793 .1837 .1426 .1318 .1273 .1126 .1019 .0833 .0259 .0164 .0152 .0098 0.039 0.008
Na       22.989768
4.7626 3.285 3.1736 8.8422 1.2674 .3136 1.1128 129.424 .676 3.63
.2295 .2699 .1857 .1957 .167 .1667 .1353 .1239 .0362 .0249 .0218 .015 0.530 1.62
Na+      22.989768
3.2565 2.6671 3.9362 6.1153 1.3998 .2001 1.0032 14.039 .404
.2295 .2699 .1857 .1957 .167 .1667 .1353 .1239 .0362 .0249 .0218 .015
Mg       24.3050
5.4204 2.8275 2.1735 79.2611 1.2269 .3808 2.3073 7.1937 .8584 5.375
.2778 .3812 .2309 .2765 .2094 .2373 .1719 .1771 .0486 .0363 .0298 .022 0.063 0.08
Mg2+     24.3050
3.4988 2.1676 3.8378 4.7542 1.3284 .185 .8497 10.1411 .4853
.2778 .3812 .2309 .2765 .2094 .2373 .1719 .1771 .0486 .0363 .0298 .022
Al       26.981539
6.4202 3.0387 1.9002 .7426 1.5936 31.5472 1.9646 85.0886 1.1151 3.449
.326 .5212 .2774 .3807 .2551 .3276 .213 .2455 .0645 .0514 .0406 .0313 0.231 0.0082
Al3+     26.981539
4.17448 1.93816 3.3876 4.14553 1.20296 .228753 .528137 8.28524 .706786
.326 .5212 .2774 .3807 .2551 .3276 .213 .2455 .0645 .0514 .0406 .0313
Si       28.0855
6.2915 2.4386 3.0353 32.3337 1.9891 .6785 1.541 81.6937 1.1407 4.1491
.3647 .6921 .3209 .5081 .2979 .4384 .2541 .3302 .0817 .0704 .0522 .0431 0.171 0.004
Si.v     28.0855
5.66269 2.6652 3.07164 38.6634 2.62446 .916946 1.3932 93.5458 1.24707
.3647 .6921 .3209 .5081 .2979 .4384 .2541 .3302 .0817 .0704 .0522 .0431
Si4+     28.0855
4.43918 1.64167 3.20345 3.43757 1.19453 .2149 .41653 6.65365 .746297
.3647 .6921 .3209 .5081 .2979 .4384 .2541 .3302 .0817 .0704 .0522 .0431
P        30.973762
6.4345 1.9067 4.1791 27.157 1.78 .526 1.4908 68.1645 1.1149 5.13
.3898 .8984 .3592 .6628 .3388 .5731 .2955 .4335 .1023 .0942 .0667 .058 0.172 0.005
S        32.066
6.9053 1.4679 5.2034 22.2151 1.4379 .2536 1.5863 56.172 .8669 2.847
.3899 1.141 .3848 .8457 .3706 .7329 .3331 .5567 .1246 .1234 .0826 .0763 0.53 0.007
Cl       35.4527
11.4604 .0104 7.1964 1.1662 6.2556 18.5194 1.6455 47.7784 -9.5574 9.5770
.3508 1.4222 .392 1.0596 .3892 .9202 .3639 .7018 .1484 .1585 .0998 .0984 33.5 5.3
Cl-      35.4527
18.2915 .0066 7.2084 1.1717 6.5337 19.5424 2.3386 60.4486 -16.378
.3508 1.4222 .392 1.0596 .3892 .9202 .3639 .7018 .1484 .1585 .0998 .0984
Ar       39.948
7.4845 .9072 6.7723 14.8407 .6539 43.89830 1.6442 33.3929 1.4445 1.909
.2609 1.7485 .3696 1.3087 .388 1.1388 .3843 .8717 .1743 .2003 .1191 .1249 0.675 0.22
K        39.0983
8.2186 12.7949 7.4398 .7748 1.0519 213.187 .8659 41.6841 1.4228 3.67
.0914 2.1089 .3068 1.5888 .3532 1.3865 .3868 1.0657 .2009 .2494 .1399 .1562 2.1 0.27
K+       39.0983
7.9578 12.6331 7.4917 .7674 6.359 -.002 1.1915 31.9128 -4.9978
.0914 2.1089 .3068 1.5888 .3532 1.3865 .3868 1.0657 .2009 .2494 .1399 .1562
Ca       40.078
8.6266 10.4421 7.3873 .6599 1.5899 85.7484 1.0211 178.437 1.3751 4.70
-.1987 2.5138 .1867 1.9032 .2782 .6648 .3641 1.2855 .2262 .3064 .1611 .1926 0.43 0.05
Ca2+     40.078
15.6348 -.0074 7.9518 .6089 8.4372 10.3116 .8537 25.9905 -14.875
-.1987 2.5138 .1867 1.9032 .2782 .6648 .3641 1.2855 .2262 .3064 .1611 .1926
Sc       44.955910
9.189 9.0213 7.3679 .5729 1.6409 136.108 1.468 51.3531 1.3329 12.29
-.6935 2.9646 -.012 2.2557 .1474 1.9774 .3119 1.5331 .2519 .3716 .1829 .2348 27.5 4.5
Sc3+     44.955910
13.4008 .29854 8.0273 7.9629 1.65943 -.28604 1.57936 16.0662 -6.6667
-.6935 2.9646 -.012 2.2557 .1474 1.9774 .3119 1.5331 .2519 .3716 .1829 .2348
Ti       47.867
9.7595 7.8508 7.3558 .5 1.6991 35.6338 1.9021 116.105 1.2807 -3.370
-1.6394 3.4538 -.3318 2.6425 -.0617 2.3213 .2191 1.8069 .2776 .4457 .206 .283 6.43 2.63
Ti2+     47.867
9.11423 7.5243 7.62174 .457585 2.2793 19.5361 .087899 61.6558 .897155
-1.6394 3.4538 -.3318 2.6425 -.0617 2.3213 .2191 1.8069 .2776 .4457 .206 .283
Ti3+     47.867
17.7344 .22061 8.73816 7.04716 5.25691 -.15762 1.92134 15.9768 -14.652
-1.6394 3.4538 -.3318 2.6425 -.0617 2.3213 .2191 1.8069 .2776 .4457 .206 .283
Ti4+     47.867
19.5114 .178847 8.23473 6.67018 2.01341 -.29263 1.5208 12.9464 -13.28
-1.6394 3.4538 -.3318 2.6425 -.0617 2.3213 .2191 1.8069 .2776 .4457 .206 .283
V        50.9415
10.2971 6.8657 7.3511 .4385 2.0703 26.8938 2.0571 102.478 1.2199 -0.3824
-4.4818 .4575 -.8645 3.0644 -.3871 2.6994 .0687 2.1097 .3005 .5294 .2276 .3376 5.08 5.08
Vm       50.9415
10.2971 6.8657 7.3511 .4385 2.0703 26.8938 2.0571 102.478 1.2199 -0.3824
-4.4818 .4575 -.8645 3.0644 -.3871 2.6994 .0687 2.1097 .3005 .5294 .2276 .3376 5.08 5.187
V2+      50.9415
10.106 6.8818 7.3541 .4409 2.2884 20.3004 .0223 115.122 1.2298
-4.4818 .4575 -.8645 3.0644 -.3871 2.6994 .0687 2.1097 .3005 .5294 .2276 .3376
V3+      50.9415
9.43141 6.39535 7.7419 .383349 2.15343 15.1908 .016865 63.969 .656565
-4.4818 .4575 -.8645 3.0644 -.3871 2.6994 .0687 2.1097 .3005 .5294 .2276 .3376
V5+      50.9415
15.6887 .679003 8.14208 5.40135 2.03081 9.97278 -9.576 .940464 1.7143
-4.4818 .4575 -.8645 3.0644 -.3871 2.6994 .0687 2.1097 .3005 .5294 .2276 .3376
Cr       51.9961
10.6406 6.1038 7.3537 .392 3.324 20.2626 1.4922 98.7399 1.1832 3.635
-2.1308 .5468 -1.921 3.5251 -.9524 3.113 -.1635 2.4439 .3209 .6236 .2496 .3992 3.05 1.83
Cr2+     51.9961
9.54034 5.66078 7.7509 .344261 3.58274 13.3075 .509107 32.4224 .616898
-2.1308 .5468 -1.921 3.5251 -.9524 3.113 -.1635 2.4439 .3209 .6236 .2496 .3992
Cr3+     51.9961
9.6809 5.59463 7.81136 .334393 2.87603 12.8288 .113575 32.8761 .518275
-2.1308 .5468 -1.921 3.5251 -.9524 3.113 -.1635 2.4439 .3209 .6236 .2496 .3992
Mn       54.93805
11.2819 5.3409 7.3573 .3432 3.0193 17.8674 2.2441 83.7543 1.0896 -3.750
-1.598 .6479 -3.5716 .4798 -2.0793 3.5546 -.5299 2.8052 .3368 .7283 .2704 .4681 13.3 0.40
Mn2+     54.93805
10.8061 5.2796 7.362 .3435 3.5268 14.343 .2184 41.3235 1.0874
-1.598 .6479 -3.5716 .4798 -2.0793 3.5546 -.5299 2.8052 .3368 .7283 .2704 .4681
Mn3+     54.93805
9.84521 4.91797 7.87194 .294393 3.56531 10.8171 .323613 24.1281 .393974
-1.598 .6479 -3.5716 .4798 -2.0793 3.5546 -.5299 2.8052 .3368 .7283 .2704 .4681
Mn4+     54.93805
9.96253 4.8485 7.97057 .283303 2.76067 10.4852 .054447 27.573 .251877
-1.598 .6479 -3.5716 .4798 -2.0793 3.5546 -.5299 2.8052 .3368 .7283 .2704 .4681
Fe       55.845
11.7695 4.7611 7.3573 .3072 3.5222 15.3535 2.3045 76.8805 1.0369 9.45
-1.2935 .762 -2.0554 .5649 -3.3307 .4901 -1.1336 3.1974 .3463 .8444 .2886 .5448 2.56 0.40
Fe2+     55.845
11.0424 4.6538 7.374 .3053 4.1346 12.0546 .4399 31.2809 1.0097
-1.2935 .762 -2.0554 .5649 -3.3307 .4901 -1.1336 3.1974 .3463 .8444 .2886 .5448
Fe3+     55.845
11.1764 4.6147 7.3863 .3005 3.3948 11.6729 .0724 38.5566 .9707
-1.2935 .762 -2.0554 .5649 -3.3307 .4901 -1.1336 3.1974 .3463 .8444 .2886 .5448
Co       58.93320
12.2841 4.2791 7.3409 .2784 4.0034 13.5359 2.3488 71.1692 1.0118 2.49
-1.0738 .8897 -1.5743 .6602 -2.023 .5731 -2.3653 3.6143 .3494 .9721 .305 .6296 37.18 4.8
Co2+     58.93320
11.2296 4.1231 7.3883 0.2726 4.7393 10.2443 .7108 25.6466 .9324
-1.0738 .8897 -1.5743 .6602 -2.023 .5731 -2.3653 3.6143 .3494 .9721 .305 .6296
Co3+     58.93320
10.338 3.90969 7.88173 .238668 4.76795 8.35583 .725591 18.3491 .286667
-1.0738 .8897 -1.5743 .6602 -2.023 .5731 -2.3653 3.6143 .3494 .9721 .305 .6296
Ni       58.6934
12.8376 3.8785 7.292 .2565 4.4438 12.1763 2.38 66.3421 1.0341 10.3
-.9005 1.0331 -1.2894 .7671 -1.5664 .6662 -3.0029 .5091 .3393 1.1124 .3147 .7232 4.49 5.2
Ni2+     58.6934
11.4166 3.6766 7.4005 .2449 5.3442 8.873 .9773 22.1626 .8614
-.9005 1.0331 -1.2894 .7671 -1.5664 .6662 -3.0029 .5091 .3393 1.1124 .3147 .7232
Ni3+     58.6934
10.7806 3.5477 7.75868 .22314 5.22746 7.64468 .847114 16.9673 .386044
-.9005 1.0331 -1.2894 .7671 -1.5664 .6662 -3.0029 .5091 .3393 1.1124 .3147 .7232
Cu       63.546
13.338 3.5828 7.1676 .247 5.6158 11.3966 1.6735 64.8126 1.191 7.718
-.7338 1.193 -1.0699 .8864 -1.2789 .77 -1.9646 .5888 .3201 1.2651 .324 .8257 3.78 0.55
Cu+      63.546
11.9475 3.3669 7.3573 .2274 6.2455 8.6625 1.5578 25.8487 .89
-.7338 1.193 -1.0699 .8864 -1.2789 .77 -1.9646 .5888 .3201 1.2651 .324 .8257
Cu2+     63.546
11.8168 3.37484 7.11181 .244078 5.78135 7.9876 1.14523 19.897 1.14431
-.7338 1.193 -1.0699 .8864 -1.2789 .77 -1.9646 .5888 .3201 1.2651 .324 .8257
Zn       65.39
14.0743 3.2655 7.0318 .2333 5.1652 10.3163 2.41 58.7097 1.3041 5.60
-.6166 1.3712 -.9134 1.0193 -1.0843 .8857 -1.5491 .6778 .2839 1.4301 .3242 .9375 1.11 0.077
Zn2+     65.39
11.9719 2.9946 7.3862 .2031 6.4668 7.0826 1.394 18.0995 .7807
-.6166 1.3712 -.9134 1.0193 -1.0843 .8857 -1.5491 .6778 .2839 1.4301 .3242 .9375
Ga       69.723
15.2354 3.0669 6.7006 .2412 4.3591 10.7805 2.9623 61.4135 1.7189 7.288
-.4989 1.5674 -.7701 1.1663 -.92 1.0138 -1.2846 .7763 .2307 1.6083 .3179 1.0589 2.75 0.16
Ga3+     69.723
12.692 2.81262 6.69883 .22789 6.06692 6.36441 1.0066 14.4122 1.53545
-.4989 1.5674 -.7701 1.1663 -.92 1.0138 -1.2846 .7763 .2307 1.6083 .3179 1.0589
Ge       72.61
16.0816 2.8509 6.3747 .2516 3.7068 11.4468 3.683 54.7625 2.1313 8.185
-.3858 1.7841 -.6412 1.3291 -.7781 1.1557 -1.0885 .8855 .1547 1.8001 .3016 1.1903 2.20 0.18
Ge4+     72.61
12.9172 2.53718 6.70003 .205855 6.06791 5.47913 .859041 11.603 1.45572
-.3858 1.7841 -.6412 1.3291 -.7781 1.1557 -1.0885 .8855 .1547 1.8001 .3016 1.1903
As       74.92159
16.6723 2.6345 6.0701 .2647 3.4313 12.9479 4.2779 47.7972 2.531 6.58
-.2871 2.0194 -.526 1.5069 -.6523 1.3109 -.93 1.0051 .0499 2.0058 .2758 1.3314 4.5 0.060
Se       78.96
17.0006 2.4098 5.8196 .2726 3.9731 15.2372 4.3543 43.8163 2.8409 7.970
-.1919 2.2784 -.4179 1.7027 .539 1.4821 -.7943 1.1372 -.0929 2.2259 .2367 1.4831 11.7 0.33
Br       79.904
17.1789 2.1723 5.2358 16.5796 5.6377 .2609 3.9851 41.4328 2.9557 6.795
-.1095 2.5578 -.3244 1.914 -.4363 1.6673 -.6763 1.2805 -.2901 2.4595 .1811 1.6452 6.9 0.10
Br-      79.904
17.1718 2.2059 6.3338 19.3345 5.5754 .2871 3.7272 58.1535 3.1776
-.1095 2.5578 -.3244 1.914 -.4363 1.6673 -.6763 1.2805 -.2901 2.4595 .1811 1.6452
Kr       83.80
17.3555 1.9384 6.7286 16.5623 5.5493 .2261 3.5375 39.3972 2.825 7.81
-.0316 2.8669 -.2303 2.1472 -.339 1.8713 -.5657 1.4385 -.5574 2.7079 .1067 1.8192 25. 0.01
Rb       85.4678
17.1784 1.7888 9.6435 17.3151 5.1399 .2748 1.5292 164.934 3.4873 7.09
-.0247 3.1954 -.1516 2.396 -.2535 2.0893 -.4688 1.6079 -.9393 2.9676 .0068 2.0025 0.38 0.5
Rb+      85.4678
17.5816 1.7139 7.6598 14.7957 5.8981 .1603 2.7817 31.2087 2.0782
-.0247 3.1954 -.1516 2.396 -.2535 2.0893 -.4688 1.6079 -.9393 2.9676 .0068 2.0025
Sr       87.62
17.5663 1.5564 9.8184 14.0988 5.422 .1664 2.6694 132.376 2.5064 7.02
.1037 3.6029 -.0489 2.706 -.1448 2.3614 -.3528 1.82 -1.5307 3.2498 -.1172 2.2025 1.28 0.06
Sr2+     87.62
18.0874 1.4907 8.1373 12.6963 2.5654 24.5651 -34.193 -.0138 41.4025
.1037 3.6029 -.0489 2.706 -.1448 2.3614 -.3528 1.82 -1.5307 3.2498 -.1172 2.2025
Y        88.90585
17.776 1.4029 10.2946 12.8006 5.72629 .125599 3.26588 104.354 1.91213 7.75
.1263 3.9964 .0138 3.0054 -.072 2.6241 -.267 2.0244 -2.7962 3.5667 -.2879 2.4099 1.28 0.15
Y3+      88.90585
17.9268 1.35417 9.1531 11.2145 1.76795 22.6599 -33.108 -.01319 40.2602
.1263 3.9964 .0138 3.0054 -.072 2.6241 -.267 2.0244 -2.7962 3.5667 -.2879 2.4099
Zr       91.224
17.8765 1.27618 10.948 11.916 5.41732 .117622 3.65721 87.6627 2.06929 7.16
.1338 4.4226 .0659 3.3301 -.0066 2.9086 -.1862 2.2449 -2.9673 .5597 -.5364 2.6141 0.185 0.02
Zr4+     91.224
18.1668 1.2148 10.0562 10.1483 1.01118 21.6054 -2.6479 -.10276 9.41454
.1338 4.4226 .0659 3.3301 -.0066 2.9086 -.1862 2.2449 -2.9673 .5597 -.5364 2.6141
Nb       92.90638
17.6142 1.18865 12.0144 11.766 4.04183 .204785 3.53346 69.7957 3.75591 7.054
-.1211 4.8761 .1072 3.6768 .0496 3.2133 -.1121 2.4826 -2.0727 .6215 -.8282 2.8404 1.15 0.0024
Nb3+     92.90638
19.8812 .019175 18.0653 1.13305 11.0177 10.1621 1.94715 28.3389 -12.912
-.1211 4.8761 .1072 3.6768 .0496 3.2133 -.1121 2.4826 -2.0727 .6215 -.8282 2.8404
Nb5+     92.90638
17.9163 1.12446 13.3417 .028781 10.799 9.28206 .337905 25.7228 -6.3934
-.1211 4.8761 .1072 3.6768 .0496 3.2133 -.1121 2.4826 -2.0727 .6215 -.8282 2.8404
Mo       95.94
3.7025 .2772 17.2356 1.0958 12.8876 11.004 3.7429 61.6584 4.3875 6.715
-.0801 5.3484 .1301 4.0388 .0904 3.5326 -.0483 2.7339 -1.6832 .6857 -1.2703 3.0978 2.48 0.04
Mo3+     95.94
21.1664 .014734 18.2017 1.03031 11.7423 9.53659 2.30951 26.6307 -14.421
-.0801 5.3484 .1301 4.0388 .0904 3.5326 -.0483 2.7339 -1.6832 .6857 -1.2703 3.0978
Mo5+     95.94
21.0149 .014345 18.0992 1.02238 11.4632 8.78809 .740625 23.3452 -14.316
-.0801 5.3484 .1301 4.0388 .0904 3.5326 -.0483 2.7339 -1.6832 .6857 -1.2703 3.0978
Mo6+     95.94
17.8871 1.03649 11.175 8.48061 6.57891 .058881 .0 .0 .344941
-.0801 5.3484 .1301 4.0388 .0904 3.5326 -.0483 2.7339 -1.6832 .6857 -1.2703 3.0978
Tc       99.
19.1301 .864132 11.0948 8.14487 4.64901 21.5707 2.71263 86.8472 5.40428 6.8
-.0025 5.8597 .1314 4.4331 .1164 3.8799 .0057 3.0049 -1.439 .7593 -2.0087 3.349 20. 0
Ru       101.07
19.2674 .80852 12.9182 8.43467 4.86337 24.7997 1.56756 94.2928 5.37874 7.03
-.1091 6.4069 .122 4.854 .1331 4.2509 .0552 3.296 -1.2594 .8363 -5.363 3.6506 2.56 0.4
Ru3+     101.07
18.5638 .847329 13.2885 8.37164 9.32602 .017662 3.00964 22.887 -3.1892
-.1091 6.4069 .122 4.854 .1331 4.2509 .0552 3.296 -1.2594 .8363 -5.363 3.6506
Ru4+     101.07
18.5003 .844582 13.1787 8.12534 4.71304 .036495 2.18535 20.8504 1.42357
-.1091 6.4069 .122 4.854 .1331 4.2509 .0552 3.296 -1.2594 .8363 -5.363 3.6506
Rh       102.90550
19.2957 .751536 14.3501 8.21758 4.73425 25.8749 1.28918 98.6062 5.328 5.88
-.263 6.982 .0861 5.2985 .1305 4.6432 .0927 3.6045 -1.1178 .9187 -2.528 .5964 144.8 0
Rh3+     102.90550
18.8785 .764252 14.1259 7.84438 3.32515 21.2487 -6.1989 -.01036 11.8678
-.263 6.982 .0861 5.2985 .1305 4.6432 .0927 3.6045 -1.1178 .9187 -2.528 .5964
Rh4+     102.90550
18.8545 .760825 13.9806 7.62436 2.53464 19.3317 -5.6526 -.0102 11.2835
-.263 6.982 .0861 5.2985 .1305 4.6432 .0927 3.6045 -1.1178 .9187 -2.528 .5964
Pd       106.42
19.3319 .698655 15.5017 7.98929 5.29537 25.2052 .605844 76.8986 5.26593 5.91
-.464 7.5938 .0279 5.7719 .1128 5.0613 .1215 3.9337 -.9988 1.0072 -1.9556 .6546 6.9 0.093
Pd2+     106.42
19.1701 .696219 15.2096 7.55573 4.32234 22.5057 .0 .0 5.2916
-.464 7.5938 .0279 5.7719 .1128 5.0613 .1215 3.9337 -.9988 1.0072 -1.9556 .6546
Pd4+     106.42
19.2493 .683839 14.79 7.14833 2.89289 17.9144 -7.9492 .005127 13.0174
-.464 7.5938 .0279 5.7719 .1128 5.0613 .1215 3.9337 -.9988 1.0072 -1.9556 .6546
Ag       107.8682
19.2808 .6446 16.6885 7.4726 4.8045 24.6605 1.0463 99.8156 5.179 5.922
-.7387 8.2358 -.07 6.2709 .0634 5.5027 .1306 4.282 -.8971 1.1015 -1.6473 .7167 63.3 0.58
Ag+      107.8682
19.1812 .646179 15.9719 7.19123 5.27475 21.7326 .357534 66.1147 5.21572
-.7387 8.2358 -.07 6.2709 .0634 5.5027 .1306 4.282 -.8971 1.1015 -1.6473 .7167
Ag2+     107.8682
19.1643 .645643 16.2456 7.18544 4.3709 21.4072 .0 .0 5.21404
-.7387 8.2358 -.07 6.2709 .0634 5.5027 .1306 4.282 -.8971 1.1015 -1.6473 .7167
Cd       112.411
19.2214 .5946 17.6444 6.9089 4.461 24.7008 1.6029 87.4825 5.0694 4.87
-1.1086 8.9174 -.2163 6.8017 -.0214 5.9728 .1185 4.6533 -.8075 1.2024 -1.4396 .7832 2520. 3.46
Cd2+     112.411
19.1514 .597922 17.2535 6.80639 4.47128 20.2521 .0 .0 5.11937
-1.1086 8.9174 -.2163 6.8017 -.0214 5.9728 .1185 4.6533 -.8075 1.2024 -1.4396 .7832
In       114.818
19.1624 .5476 18.5596 6.3776 4.2948 25.8499 2.0396 92.8029 4.9391 4.065
-1.5975 9.629 -.4165 7.3594 -.1473 6.4674 .0822 5.0449 -.7276 1.31 -1.2843 .8542 193.8 0.54
In3+     114.818
19.1045 .551522 18.1108 6.3247 3.78897 17.3595 .0 .0 4.99635
-1.5975 9.629 -.4165 7.3594 -.1473 6.4674 .0822 5.0449 -.7276 1.31 -1.2843 .8542
Sn       118.710
19.1889 5.8303 19.1005 .5031 4.4585 26.8909 2.4663 83.9571 4.7821 6.225
-2.2019 10.3742 -.6686 7.9473 -.3097 6.9896 .0259 5.4591 -.6537 1.4246 -1.1587 .9299 0.626 0.022
Sn2+     118.710
19.1094 .5036 19.0548 5.8378 4.5648 23.3752 .487 62.2061 4.7861
-2.2019 10.3742 -.6686 7.9473 -.3097 6.9896 .0259 5.4591 -.6537 1.4246 -1.1587 .9299
Sn4+     118.710
18.9333 5.764 19.7131 .4655 3.4182 14.0049 .0193 -.7583 3.9182
-2.2019 10.3742 -.6686 7.9473 -.3097 6.9896 .0259 5.4591 -.6537 1.4246 -1.1587 .9299
Sb       121.760
19.6418 5.3034 19.0455 .4607 5.0371 27.9074 2.6827 75.2825 4.5909 5.57
-3.0637 11.1026 -.9868 8.562 -.5189 7.5367 -.0562 5.8946 -.5866 1.5461 -1.0547 1.0104 4.91 0.00
Sb3+     121.760
18.9755 .467196 18.933 5.22126 5.10789 19.5902 .288753 55.5113 4.69626
-3.0637 11.1026 -.9868 8.562 -.5189 7.5367 -.0562 5.8946 -.5866 1.5461 -1.0547 1.0104
Sb5+     121.760
19.8685 5.44853 19.0302 .467973 2.41253 14.1259 .0 .0 4.69263
-3.0637 11.1026 -.9868 8.562 -.5189 7.5367 -.0562 5.8946 -.5866 1.5461 -1.0547 1.0104
Te       127.60
19.9644 4.81742 19.0138 .420885 6.14487 28.5284 2.5239 70.8403 4.352 5.80
-4.2407 11.8079 -1.4022 9.2067 -.7914 8.1113 -.1759 6.3531 -.5308 1.6751 -.971 1.096 4.05 0.09
I        126.90447
20.1472 4.347 18.9949 .3814 7.5138 27.766 2.2735 66.8776 4.0712 5.28
-5.6353 12.6156 -1.9032 9.8852 -1.1275 8.7159 -.3257 6.8362 -.4742 1.8119 -.8919 1.1868 6.15 0.31
I-       126.90447
20.2332 4.3579 18.997 .3815 7.8069 29.5259 2.8868 84.9304 4.0714
-5.6353 12.6156 -1.9032 9.8852 -1.1275 8.7159 -.3257 6.8362 -.4742 1.8119 -.8919 1.1868
Xe       131.29
20.2933 3.9282 19.0298 .344 8.9767 26.4659 1.99 64.2658 3.7118 4.92
-8.1899 11.7407 -2.6313 10.5776 -1.5532 9.3585 -.5179 7.35 -.4205 1.9578 -.82 1.2838 23.9 0
Cs       132.90543
20.3892 3.569 19.1062 .3107 10.662 24.3879 1.4953 213.904 3.3352 5.42
-10.331 12.8551 -3.5831 11.2902 -2.1433 10.0454 -.7457 7.9052 -.368 2.1192 -.7527 1.3916 29.0 0.21
Cs+      132.90543
20.3524 3.552 19.1278 .3086 10.2821 23.7128 .9615 59.4565 3.2791
-10.331 12.8551 -3.5831 11.2902 -2.1433 10.0454 -.7457 7.9052 -.368 2.1192 -.7527 1.3916
Ba       137.327
20.3361 3.216 19.297 .2756 10.888 20.2073 2.6959 167.202 2.7731 5.07
-11.0454 10.0919 -4.6472 12.0003 -2.7946 10.7091 -1.0456 8.4617 -.3244 2.2819 -.694 1.5004 1.1 0.15
Ba2+     137.327
20.1807 3.21367 19.1136 .28331 10.9054 20.0558 .773634 51.746 3.02902
-11.0454 10.0919 -4.6472 12.0003 -2.7946 10.7091 -1.0456 8.4617 -.3244 2.2819 -.694 1.5004
La       138.9055
20.578 2.94817 19.599 .244475 11.3727 18.7726 3.28719 133.124 2.14678 8.24
-12.819 3.5648 -6.3557 12.8927 -3.6566 11.4336 -1.4094 9.0376 -.2871 2.4523 -.6411 1.6148 8.97 1.13
La3+     138.9055
20.2489 2.9207 19.3763 .250698 11.6323 17.8211 .336048 54.9453 2.4086
-12.819 3.5648 -6.3557 12.8927 -3.6566 11.4336 -1.4094 9.0376 -.2871 2.4523 -.6411 1.6148
Ce       140.115
21.1671 2.81219 19.7695 .226836 11.8513 17.6083 3.33049 127.113 1.86264 4.84
-9.3304 3.8433 -8.0962 11.8734 -4.8792 12.135 -1.8482 9.6596 -.2486 2.6331 -.589 1.7358 0.63 0.00
Ce3+     140.115
20.8036 2.77691 19.559 .23154 11.9369 16.5408 .612376 43.1692 2.09013
-9.3304 3.8433 -8.0962 11.8734 -4.8792 12.135 -1.8482 9.6596 -.2486 2.6331 -.589 1.7358
Ce4+     140.115
20.3235 2.65941 19.8186 .21885 12.1233 15.7992 .144583 62.2355 1.5918
-9.3304 3.8433 -8.0962 11.8734 -4.8792 12.135 -1.8482 9.6596 -.2486 2.6331 -.589 1.7358
Pr       140.90765
22.044 2.77393 19.6697 .222087 12.3856 16.7669 2.82428 143.644 2.0583 4.58
-7.9841 4.1304 -10.9279 9.2394 -6.7923 12.8653 -2.4164 10.282 -.218 2.8214 -.5424 1.8624 11.5 0.015
Pr3+     140.90765
21.3727 2.6452 19.7491 .214299 12.1329 15.323 .97518 36.4065 1.77132
-7.9841 4.1304 -10.9279 9.2394 -6.7923 12.8653 -2.4164 10.282 -.218 2.8214 -.5424 1.8624
Pr4+     140.90765
20.9413 2.54467 20.0539 .202481 12.4668 14.8137 .296689 45.4643 1.24285
-7.9841 4.1304 -10.9279 9.2394 -6.7923 12.8653 -2.4164 10.282 -.218 2.8214 -.5424 1.8624
Nd       144.24
22.6845 2.66248 19.6847 .210628 12.774 15.885 2.85137 137.903 1.98486 7.69
-7.1451 4.4278 -10.5249 9.9814 -8.1618 11.9121 -3.1807 10.9097 -.1943 3.0179 -.5012 1.995 50.5 9.2
Nd3+     144.24
21.961 2.52722 19.9339 .199237 12.12 14.1783 1.51031 30.8717 1.47588
-7.1451 4.4278 -10.5249 9.9814 -8.1618 11.9121 -3.1807 10.9097 -.1943 3.0179 -.5012 1.995
Pm       145.
23.3405 2.5627 19.6095 .202088 13.1235 15.1009 2.87516 132.721 2.02876 12.6
-6.5334 4.7422 -13.2062 3.6278 -10.072 9.2324 -4.0598 11.5523 -.1753 3.2249 -.4626 2.1347 168.4 1.3
Pm3+     145.
22.5527 2.4174 20.1108 .185769 12.0671 13.1275 2.07492 27.4491 1.19499
-6.5334 4.7422 -13.2062 3.6278 -10.072 9.2324 -4.0598 11.5523 -.1753 3.2249 -.4626 2.1347
Sm       150.36
24.0042 2.47274 19.4258 .196451 13.4396 14.3996 2.89604 128.007 2.20963 0.80
-6.057 5.0744 -9.3497 3.8839 -10.2609 9.9412 -5.3236 12.2178 -.1638 3.4418 -.4287 2.2815 5922. 39.
Sm3+     150.36
23.1504 2.31641 20.2599 .174081 11.9202 12.1571 2.71488 24.8242 .954586
-6.057 5.0744 -9.3497 3.8839 -10.2609 9.9412 -5.3236 12.2178 -.1638 3.4418 -.4287 2.2815
Eu       151.965
24.6274 2.3879 19.0886 .1942 13.7603 13.7546 2.9227 123.174 2.5745 7.22
-5.663 5.4178 -7.9854 4.1498 -13.5405 3.655 -8.9294 11.1857 -.1578 3.6682 -.3977 2.4351 4530. 2.5
Eu2+     151.965
24.0063 2.27783 19.9504 .17353 11.8034 11.6096 3.87243 26.5156 1.36389
-5.663 5.4178 -7.9854 4.1498 -13.5405 3.655 -8.9294 11.1857 -.1578 3.6682 -.3977 2.4351
Eu3+     151.965
23.7497 2.22258 20.3745 .16394 11.8509 11.311 3.26503 22.9966 .759344
-5.663 5.4178 -7.9854 4.1498 -13.5405 3.655 -8.9294 11.1857 -.1578 3.6682 -.3977 2.4351
Gd       157.25
25.0709 2.25341 19.0798 .181951 13.8518 12.9331 3.54545 101.398 2.4196 6.5
-5.3778 5.7756 -7.1681 4.428 -9.3863 3.9016 -8.838 11.9157 -.1653 3.9035 -.3741 2.5954 49700. 151.
Gd3+     157.25
24.3466 2.13553 20.4208 .155525 11.8708 10.5782 3.7149 21.7029 .645089
-5.3778 5.7756 -7.1681 4.428 -9.3863 3.9016 -8.838 11.9157 -.1653 3.9035 -.3741 2.5954
Tb       158.92534
25.8976 2.24256 18.2185 0.196143 14.3167 12.6648 2.95354 115.362 3.58324 7.38
-5.0951 6.1667 -6.5583 4.7292 -8.0413 4.1674 -9.1472 9.1891 -.1723 4.1537 -.3496 2.7654 23.4 0.004
Tb3+     158.92534
24.9559 2.05601 20.3271 .149525 12.2471 10.0499 3.773 21.2773 .691967
-5.0951 6.1667 -6.5583 4.7292 -8.0413 4.1674 -9.1472 9.1891 -.1723 4.1537 -.3496 2.7654
Dy       162.50
26.507 2.1802 17.6383 .202172 14.5596 12.1899 2.96577 111.874 4.29728 16.9
-4.8149 6.5527 -6.0597 5.028 -7.1503 4.432 -9.8046 9.8477 -.1892 4.4098 -.3302 2.9404 994. 54.4
Dy3+     162.50
25.5395 1.9804 20.2861 .143384 11.9812 9.34972 4.50073 19.581 .68969
-4.8149 6.5527 -6.0597 5.028 -7.1503 4.432 -9.8046 9.8477 -.1892 4.4098 -.3302 2.9404
Ho       164.93032
26.9049 2.07051 17.294 .19794 14.5583 11.4407 3.63837 92.6566 4.56796 8.01
-4.5887 6.9619 -5.6628 5.3451 -6.5338 4.7129 -14.9734 3.7046 -.2175 4.6783 -.3168 3.1241 64.7 0.36
Ho3+     164.93032
26.1296 1.91072 20.0994 .139358 11.9788 8.80018 4.93676 18.5908 .852795
-4.5887 6.9619 -5.6628 5.3451 -6.5338 4.7129 -14.9734 3.7046 -.2175 4.6783 -.3168 3.1241
Er       167.26
27.6563 2.07356 16.4285 .223545 14.9779 11.3604 2.98233 105.703 5.92046 7.79
-4.4106 7.391 -5.3448 5.6776 -6.0673 5.0074 -9.4367 3.938 -.2586 4.9576 -.3091 3.3158 159. 1.1
Er3+     167.26
26.722 1.84659 19.7748 .13729 12.1506 8.36225 5.17379 17.8974 1.17613
-4.4106 7.391 -5.3448 5.6776 -6.0673 5.0074 -9.4367 3.938 -.2586 4.9576 -.3091 3.3158
Tm       168.93421
28.1819 2.02859 15.8851 .238849 15.1542 10.9975 2.98706 102.961 6.75621 7.07
-4.2698 7.8385 -5.0823 6.0249 -5.6969 5.3151 -8.0393 4.1821 -.3139 5.2483 -.3084 3.5155 100. 0.10
Tm3+     168.93421
27.3083 1.78711 19.332 .136974 12.3339 7.96778 5.38348 17.2922 1.63929
-4.2698 7.8385 -5.0823 6.0249 -5.6969 5.3151 -8.0393 4.1821 -.3139 5.2483 -.3084 3.5155
Yb       173.04
28.6641 1.9889 15.4345 .257119 15.3087 10.6647 2.98963 100.417 7.56672 12.43
-4.1523 8.2969 -4.8591 6.3813 -5.394 5.6309 -7.2108 4.4329 -.385 5.5486 -.3157 3.7229 34.8 4.0
Yb2+     173.04
28.1209 1.78503 17.6817 .15997 13.3335 8.18304 5.14657 20.39 3.70983
-4.1523 8.2969 -4.8591 6.3813 -5.394 5.6309 -7.2108 4.4329 -.385 5.5486 -.3157 3.7229
Yb3+     173.04
27.8917 1.73272 18.7614 0.13879 12.6072 7.64412 5.47647 16.8153 2.26001
-4.1523 8.2969 -4.8591 6.3813 -5.394 5.6309 -7.2108 4.4329 -.385 5.5486 -.3157 3.7229
Lu       174.967
28.9476 1.90182 15.2208 9.98519 15.1 .261033 3.71601 84.3298 7.97628 7.21
-4.063 8.7649 -4.6707 6.7484 -5.136 5.9574 -6.6179 4.6937 -.472 5.8584 -.3299 3.9377 74. 0.7
Lu3+     174.967
28.4628 1.68216 18.121 .142292 12.8429 7.33727 5.59415 16.3535 2.97573
-4.063 8.7649 -4.6707 6.7484 -5.136 5.9574 -6.6179 4.6937 -.472 5.8584 -.3299 3.9377
Hf       178.49
29.144 1.83262 15.1726 9.5999 14.7586 .275116 4.30013 72.029 8.58154 7.77
-4.0564 9.2832 -4.4593 7.1518 -4.9466 6.315 -6.1794 4.9776 -.583 6.1852 -.3548 4.1643 104.1 2.6
Hf4+     178.49
28.8131 1.59136 18.4601 .128903 12.7285 6.76232 5.59927 14.0366 2.39699
-4.0564 9.2832 -4.4593 7.1518 -4.9466 6.315 -6.1794 4.9776 -.583 6.1852 -.3548 4.1643
Ta       180.9479
29.2024 1.77333 15.2293 9.37046 14.5135 .295977 4.76492 63.3644 9.24354 6.91
-3.986 9.8171 -4.3912 7.5686 -4.7389 6.685 -5.7959 5.2718 -.7052 6.5227 -.3831 4.3992 20.6 0.01
Ta5+     180.9479
29.1587 1.50711 18.8407 .116741 12.8268 6.31524 5.38695 12.4244 1.78555
-3.986 9.8171 -4.3912 7.5686 -4.7389 6.685 -5.7959 5.2718 -.7052 6.5227 -.3831 4.3992
W        183.84
29.0818 1.72029 15.43 9.2259 14.4327 .321703 5.11982 57.056 9.8875 4.86
-3.927 10.3696 -4.2486 8.0005 -4.5529 7.0688 -5.4734 5.5774 -.849 6.8722 -.4201 4.643 18.3 1.63
W6+      183.84
29.4936 1.42755 19.3763 .104621 13.0544 5.93667 5.06412 11.1972 1.01074
-3.927 10.3696 -4.2486 8.0005 -4.5529 7.0688 -5.4734 5.5774 -.849 6.8722 -.4201 4.643
Re       186.207
28.7621 1.67191 15.7189 9.09227 14.5564 .3505 5.44174 52.0861 10.472 9.2
-3.9052 10.9346 -4.139 8.4435 -4.402 7.4631 -5.2083 5.8923 -1.0185 7.231 -.4693 4.8944 89.7 0.9
Os       190.23
28.1894 1.62903 16.155 8.97948 14.9305 .382661 5.67589 48.1647 11.0005 10.7
-3.9016 11.5251 -4.0478 8.9067 -4.2711 7.8753 -4.9801 6.2216 -1.2165 7.603 -.528 5.1558 16.0 0.3
Os4+     190.23
30.419 1.37113 15.2637 6.84706 14.7458 .165191 5.06795 18.003 6.49804
-3.9016 11.5251 -4.0478 8.9067 -4.2711 7.8753 -4.9801 6.2216 -1.2165 7.603 -.528 5.1558
Ir       192.217
27.3049 1.59279 16.7296 8.86553 15.6115 .417916 5.83377 45.0011 11.4722 10.6
-3.9049 12.1453 -3.9606 9.3923 -4.1463 8.3074 -4.771 6.5667 -1.4442 7.9887 -.5977 5.4269 425.3 0.
Ir3+     192.217
30.4156 1.34323 15.862 7.10909 13.6145 .204633 5.82008 20.3254 8.27903
-3.9049 12.1453 -3.9606 9.3923 -4.1463 8.3074 -4.771 6.5667 -1.4442 7.9887 -.5977 5.4269
Ir4+     192.217
30.7058 1.30923 15.5512 6.71983 14.2326 .167252 5.53672 17.4911 6.96824
-3.9049 12.1453 -3.9606 9.3923 -4.1463 8.3074 -4.771 6.5667 -1.4442 7.9887 -.5977 5.4269
Pt       195.08
27.0059 1.51293 17.7639 8.81174 15.7131 .424593 5.7837 38.6103 11.6883 9.60
-3.9435 12.791 -3.8977 9.8985 -4.0461 8.7578 -4.5932 6.9264 -1.7033 8.3905 -.6812 5.7081 10.3 0.13
Pt2+     195.08
29.8429 1.32927 16.7224 7.38979 13.2153 .263297 6.35234 22.9426 9.85329
-3.9435 12.791 -3.8977 9.8985 -4.0461 8.7578 -4.5932 6.9264 -1.7033 8.3905 -.6812 5.7081
Pt4+     195.08
30.9612 1.24813 15.9829 6.60834 13.7348 .16864 5.92034 16.9392 7.39534
-3.9435 12.791 -3.8977 9.8985 -4.0461 8.7578 -4.5932 6.9264 -1.7033 8.3905 -.6812 5.7081
Au       196.96654
16.8819 .4611 18.5913 8.6216 25.5582 1.4826 5.86 36.3956 12.0658 7.63
-3.9908 13.4551 -3.8356 10.4202 -3.9461 9.2222 -4.4197 7.298 -2.0133 8.8022 -.7683 5.9978 98.65 0.43
Au+      196.96654
28.0109 1.35321 17.8204 7.7395 14.3359 .356752 6.58077 26.4043 11.2299
-3.9908 13.4551 -3.8356 10.4202 -3.9461 9.2222 -4.4197 7.298 -2.0133 8.8022 -.7683 5.9978
Au3+     196.96654
30.6886 1.2199 16.9029 6.82872 12.7801 .212867 6.52354 18.659 9.0968
-3.9908 13.4551 -3.8356 10.4202 -3.9461 9.2222 -4.4197 7.298 -2.0133 8.8022 -.7683 5.9978
Hg       200.59
20.6809 .545 19.0417 8.4484 21.6575 1.5729 5.9676 38.3246 12.6089 12.692
-4.1029 14.1473 -3.8228 10.965 -3.8921 9.7076 -4.2923 7.6849 -2.3894 9.2266 -.8801 6.2989 372.3 6.6
Hg+      200.59
25.0853 1.39507 18.4973 7.65105 16.8883 .443378 6.48216 28.2262 12.0205
-4.1029 14.1473 -3.8228 10.965 -3.8921 9.7076 -4.2923 7.6849 -2.3894 9.2266 -.8801 6.2989
Hg2+     200.59
29.5641 1.21152 18.06 7.05639 12.8374 .284738 6.89912 20.7482 10.6268
-4.1029 14.1473 -3.8228 10.965 -3.8921 9.7076 -4.2923 7.6849 -2.3894 9.2266 -.8801 6.2989
Tl       204.3833
27.5446 .65515 19.1584 8.70751 15.538 1.96347 5.52593 45.8149 13.1746 8.776
-4.2233 14.8643 -3.8103 11.53 -3.834 10.2108 -4.1627 8.09 -2.8358 9.6688 -1.0117 6.609 3.43 0.21
Tl+      204.3833
21.3985 1.4711 20.4723 .517394 18.7478 7.43463 6.82847 28.8482 12.5258
-4.2233 14.8643 -3.8103 11.53 -3.834 10.2108 -4.1627 8.09 -2.8358 9.6688 -1.0117 6.609
Tl3+     204.3833
30.8695 1.1008 18.3481 6.53852 11.9328 .219074 7.00574 17.2114 9.8027
-4.2233 14.8643 -3.8103 11.53 -3.834 10.2108 -4.1627 8.09 -2.8358 9.6688 -1.0117 6.609
Pb       207.2
31.0617 .6902 13.0637 2.3576 18.442 8.618 5.9696 47.2579 13.4118 9.405
-4.4167 15.5987 -3.8519 12.1106 -3.8236 10.7292 -4.0753 8.506 -3.3944 10.1111 -1.1676 6.9287 0.171 0.0030
Pb2+     207.2
21.7886 1.3366 19.5682 .488383 19.1406 6.7727 7.01107 23.8132 12.4734
-4.4167 15.5987 -3.8519 12.1106 -3.8236 10.7292 -4.0753 8.506 -3.3944 10.1111 -1.1676 6.9287
Pb4+     207.2
32.1244 1.00566 18.8003 6.10926 12.0175 .147041 6.96886 14.714 8.08428
-4.4167 15.5987 -3.8519 12.1106 -3.8236 10.7292 -4.0753 8.506 -3.3944 10.1111 -1.1676 6.9287
Bi       208.98037
33.3689 .704 12.951 2.9238 16.5877 8.7937 6.4692 48.0093 13.5782 8.532
-4.6533 16.3448 -3.9228 12.7017 -3.8408 11.2575 -4.0111 8.931 -4.1077 10.2566 -1.3494 7.2566 0.0338 0.0084
Bi3+     208.98037
21.8053 1.2356 19.5026 6.24149 19.1053 .469999 7.10295 20.3185 12.4711
-4.6533 16.3448 -3.9228 12.7017 -3.8408 11.2575 -4.0111 8.931 -4.1077 10.2566 -1.3494 7.2566
Bi5+     208.98037
33.5364 .91654 25.0946 .039042 19.2497 5.71414 6.91555 12.8285 -6.7994
-4.6533 16.3448 -3.9228 12.7017 -3.8408 11.2575 -4.0111 8.931 -4.1077 10.2566 -1.3494 7.2566
Po       210.
34.6726 .700999 15.4733 3.55078 13.1138 9.55642 7.02588 47.0045 13.677
-4.9604 17.141 -4.0267 13.3329 -3.8855 11.8209 -3.967 9.3834 -5.121 11.0496 -1.5613 7.5986/
At       210.
35.3163 .68587 19.0211 3.97458 9.49887 11.3824 7.42518 45.4715 13.7108
-5.3399 17.939 -4.1781 13.9709 -3.9706 12.3915 -3.9588 9.8433 -7.9122 9.9777 -1.8039 7.9509/
Rn       222.
35.5631 .6631 21.2816 4.0691 8.0037 14.0422 7.4433 44.2473 13.6905
-5.7275 18.772 -4.3331 14.6313 -4.0549 12.9815 -3.9487 10.3181 -8.0659 10.458 -2.0847 8.3112/
Fr       223.
35.9299 .646453 23.0547 4.17619 12.1439 23.1052 2.11253 150.645 13.7247
-6.2180 19.6009 -4.5387 15.3016 -4.1818 13.5825 -3.9689 10.8038 -7.2224 7.7847 -2.4129 8.6839/
Ra       226.
35.763 .616341 22.9064 3.87135 12.4739 19.9887 3.21097 142.325 13.6211 10.0
-6.7502 20.4389 -4.7764 15.9778 -4.3309 14.1902 -4.0088 11.2969 -6.7704 8.1435 -2.8081 9.0614 12.8 0
Ra2+     226.
35.215 .604909 21.67 3.5767 7.91342 12.601 7.65078 29.8436 13.5431
-6.7502 20.4389 -4.7764 15.9778 -4.3309 14.1902 -4.0088 11.2969 -6.7704 8.1435 -2.8081 9.0614
Ac       227.
35.6597 .589092 23.1032 3.65155 12.5977 18.599 4.08655 117.02 13.5266
-7.4161 21.3053 -5.0617 16.6687 -4.527 14.8096 -4.0794 11.7994 -6.8494 8.5178 -3.2784 9.4502/
Ac3+     227.
35.1736 .579689 22.1112 3.41437 8.19216 12.9187 7.05545 25.9443 13.4637
-7.4161 21.3053 -5.0617 16.6687 -4.527 14.8096 -4.0794 11.7994 -6.8494 8.5178 -3.2784 9.4502
Th       232.0381
35.5645 .563359 23.4219 3.46204 12.7473 17.8309 4.80703 99.1722 13.4314 10.31
-8.2118 22.2248 -5.3692 17.4018 -4.731 15.4642 -4.1491 12.3296 -7.24 8.8979 -3.8533 9.8403 7.37 0
Th4+     232.0381
35.1007 .555054 22.4418 3.24498 9.78554 13.4661 5.29444 23.9533 13.376
-8.2118 22.2248 -5.3692 17.4018 -4.731 15.4642 -4.1491 12.3296 -7.24 8.8979 -3.8533 9.8403
Pa       231.03588
35.8847 .547751 23.2948 3.41519 14.1891 16.9235 4.17287 105.251 13.4287 9.1
-9.4459 23.1548 -5.7337 18.1406 -4.9639 16.1295 -4.2473 12.8681 -8.0334 9.2807 -4.6067 10.2413 200.6 0.1
U        238.0289
36.0228 .5293 23.4128 3.3253 14.9491 16.0927 4.188 100.613 13.3966 8.417
-9.9362 23.1239 -6.1485 18.8728 -5.2392 16.7952 -4.3638 13.409 -9.6767 9.6646 -5.7225 10.6428 7.57 0.005
U3+      238.0289
35.5747 .52048 22.5259 3.12293 12.2165 12.7148 5.37073 26.3394 13.3092
-9.9362 23.1239 -6.1485 18.8728 -5.2392 16.7952 -4.3638 13.409 -9.6767 9.6646 -5.7225 10.6428
U4+      238.0289
35.3715 .516598 22.5326 3.05053 12.0291 12.5723 4.7984 23.4582 13.2671
-9.9362 23.1239 -6.1485 18.8728 -5.2392 16.7952 -4.3638 13.409 -9.6767 9.6646 -5.7225 10.6428
U6+      238.0289
34.8509 .507079 22.7584 2.8903 14.0099 13.1767 1.21457 25.2017 13.1665
-9.9362 23.1239 -6.1485 18.8728 -5.2392 16.7952 -4.3638 13.409 -9.6767 9.6646 -5.7225 10.6428
Np       237.
36.1874 .511929 23.5964 3.25396 15.6402 15.3622 4.1855 97.4908 13.3573 10.55
-11.108 24.1168 -6.6136 19.6379 -5.5633 17.4837 -4.5053 13.9666 -11.4937 4.1493 -6.9995 9.5876 175.9 0.5
Np3+     237.
35.7074 .502322 22.613 3.03807 12.9898 12.1449 5.43227 25.4928 13.2544
-11.108 24.1168 -6.6136 19.6379 -5.5633 17.4837 -4.5053 13.9666 -11.4937 4.1493 -6.9995 9.5876
Np4+     237.
35.5103 .498626 22.5787 2.96627 12.7766 11.9484 4.92159 22.7502 13.2116
-11.108 24.1168 -6.6136 19.6379 -5.5633 17.4837 -4.5053 13.9666 -11.4937 4.1493 -6.9995 9.5876
Np6+     237.
35.0136 .48981 22.7286 2.81099 14.3884 12.33 1.75669 22.6581 13.113
-11.108 24.1168 -6.6136 19.6379 -5.5633 17.4837 -4.5053 13.9666 -11.4937 4.1493 -6.9995 9.5876
Pu       239.
36.5254 .499384 23.8083 3.26371 16.7707 14.9455 3.47947 105.98 13.3812 14.1
-11.4073 23.296 -6.9721 20.1548 -5.813 17.9579 -4.6563 14.3729 -9.41 4.3056 -13.5905 6.9486 558. 0
Pu3+     239.
35.84 .484936 22.7169 2.96118 13.5807 11.5331 5.66016 24.3992 13.1991
-11.4073 23.296 -6.9721 20.1548 -5.813 17.9579 -4.6563 14.3729 -9.41 4.3056 -13.5905 6.9486
Pu4+     239.
35.6493 .481422 22.646 2.8902 13.3595 11.316 5.18831 21.8301 13.1555
-11.4073 23.296 -6.9721 20.1548 -5.813 17.9579 -4.6563 14.3729 -9.41 4.3056 -13.5905 6.9486
Pu6+     239.
35.1736 .473204 22.7181 2.73848 14.7635 11.553 2.28678 20.9303 13.0582
-11.4073 23.296 -6.9721 20.1548 -5.813 17.9579 -4.6563 14.3729 -9.41 4.3056 -13.5905 6.9486
Am       243.
36.6706 .483629 24.0992 3.20647 17.3415 14.3136 3.49331 102.273 13.3592 8.3
-11.7097 24.5715 -7.7881 21.1738 -6.292 18.8618 -4.8483 15.0877 -7.8986 4.5125 -6.7022 7.3108 75.3 0.3
Cm       247.
36.6488 .465154 24.4096 3.08997 17.399 13.4346 4.21665 88.4834 13.2887 9.5
-10.41 25.8115 -8.6102 21.888 -6.7506 19.5119 -5.0611 15.6355 -7.3248 4.698 -6.2891 7.6044 16.2 0
Bk       247.
36.7881 .451018 24.7736 3.04619 17.8919 12.8946 4.23284 86.003 13.2754
-9.2185 29.3028 -9.3381 21.9514 -7.4293 20.3581 -5.3481 16.319 -6.8498 4.9086 -6.3438 7.9477/
Cf       252.
36.9185 .437533 25.1995 3.00775 18.3317 12.4044 4.24391 83.7881 13.2674
-23.5202 31.2999 -9.7799 22.4858 -7.8616 20.8536 -5.5545 16.7428 -6.6561 5.0785 -6.4144 8.193/
